{
    "AtomsVector": {
        "ElementTypesVector": [
            "H",
            "H",
            "H",
            "H",
            "H",
            "H"
        ],
        "PositionsVector": [
            -0.00037794522509156564,
            1.9038801741375073,
            1.8897261254578283e-05,
            1.6495041403896291,
            0.9522707891407088,
            -1.8897261254578283e-05,
            1.6485403800656455,
            -0.952081816528163,
            1.8897261254578283e-05,
            0.0002645616575640959,
            -1.9038234823537437,
            -1.8897261254578283e-05,
            -1.6492395787320648,
            -0.9523841727082362,
            0.0,
            -1.648691558155682,
            0.952119611050672,
            -0.0
        ]
    },
    "Eigenvalues": [
        -5.30918974929909,
        -1.4980607812525195,
        -1.4762765801141116,
        -1.1986175489668087,
        -0.9720375989790895,
        -0.9557964959068427,
        2.1332867370719577,
        2.2207237370131994,
        2.241545586184343,
        2.2949723567152143,
        2.3447924568411995,
        2.3713181747386063,
        2.449796429776143,
        2.4645596415600424,
        2.5725494037067267,
        2.5883739521312883,
        2.7240713190363994,
        2.960056539348646
    ],
    "Eigenvectors": [
        [
            0.31142584099590453,
            0.18032560374302914,
            2.762175878739641e-06,
            -0.32097675937893433,
            0.18401060238895567,
            1.4857557600000981e-06,
            -0.001496458550387117,
            -0.35305858842194177,
            6.569420272998103e-06,
            -0.0028980527853073243,
            0.45576473486019675,
            3.009872954078578e-07,
            -0.39026122659279294,
            -0.2255608674940555,
            -6.040821389122391e-06,
            0.38443522924834517,
            -0.22417887118411145,
            -7.373638769173351e-06
        ],
        [
            -0.7246488952672849,
            -0.4171298366846707,
            -9.14649874431475e-06,
            -0.37630568248383633,
            0.18989391805566164,
            4.574183924337613e-06,
            -0.025080790836504042,
            -0.34797712937587344,
            7.161869187208744e-06,
            0.006977433606755891,
            0.02967968719692276,
            3.108454056668939e-07,
            0.002733705531959986,
            0.001128005330198207,
            -4.4552291366608343e-07,
            0.023207180374683695,
            -0.005195688846437271,
            6.41790028002471e-08
        ],
        [
            -0.01216269462576579,
            0.01749635289340338,
            -6.589813673568758e-07,
            -0.5329160770395635,
            0.32316298037675417,
            6.7013727716728655e-06,
            -0.011186016396067871,
            0.7641801096048938,
            -1.486978033373295e-05,
            -0.0010871766856194243,
            0.13982353112385504,
            3.5339259248598346e-07,
            -0.02129884412393585,
            -0.01856727393947819,
            -5.068584499414222e-07,
            -0.07035708066262424,
            0.04141759604806092,
            1.683331478041516e-06
        ],
        [
            -0.34668090252653716,
            -0.1996398148731811,
            -3.0757372217480744e-06,
            0.42887054372969546,
            -0.24833269275475897,
            -5.7203960043211295e-06,
            -0.002902642293156401,
            0.4113181304745472,
            -7.783795003067035e-06,
            0.0038041481817992964,
            0.20106046385904247,
            -5.037302019036431e-08,
            -0.27560344253798935,
            -0.16505336768733533,
            -6.05350311980219e-06,
            0.45989764735200994,
            -0.2646142420437401,
            -1.0749653896138257e-05
        ],
        [
            0.023115431349248615,
            0.01999404262021757,
            3.08017989374731e-07,
            -0.10658011239832996,
            0.078746219012163,
            2.069778588662785e-06,
            0.0003479678613383093,
            0.01790544248660585,
            -1.9984920162844584e-07,
            -0.006662149997688069,
            -0.7763059907646445,
            -1.6119993195881862e-06,
            -0.5236574496199042,
            -0.3178369010169942,
            -1.4399081648130127e-05,
            0.04041817383334158,
            -0.040230300182812276,
            -2.5573884141317644e-07
        ],
        [
            -0.0807072051837426,
            -0.055162884568094886,
            -1.052074698100509e-06,
            0.15780616022977506,
            -0.09630924019458414,
            -1.928351492750344e-06,
            0.014803992913182237,
            -0.011166885046011349,
            -4.0594676071639326e-07,
            -0.012670965909563401,
            0.3581499558462085,
            6.858830567050748e-07,
            -0.4967500013567795,
            -0.26650613351423336,
            -1.3377601307975574e-05,
            -0.619451268830802,
            0.35494138882384246,
            1.665321205372907e-05
        ],
        [
            -7.103450325134557e-07,
            2.2952165765091147e-06,
            -0.20190127140359432,
            -3.226916076759611e-07,
            7.190444437423396e-06,
            -0.4832466651348733,
            -8.792148915122736e-07,
            -8.627784793042425e-06,
            -0.49023228991504786,
            -1.5742636943172432e-06,
            -3.0106652548315824e-06,
            0.28213580399513577,
            -7.810394605862512e-06,
            -7.961607216703967e-06,
            0.5689792997428464,
            2.950809209062128e-06,
            -3.0463359273574694e-06,
            0.2864311146641231
        ],
        [
            1.5872586602473709e-06,
            -2.5037184631748323e-06,
            -0.0032113702613846416,
            4.551653416962658e-06,
            -3.614990978513544e-06,
            0.5614273612924812,
            1.3927754987236004e-06,
            -1.0701140750859992e-05,
            -0.5513358394918894,
            -8.439497967988509e-07,
            1.0319666289512732e-06,
            -0.4376025320208777,
            1.1867037943037411e-06,
            -3.252466886997928e-10,
            -0.0013858917684091317,
            1.009704813285136e-05,
            -2.4278332884100604e-06,
            0.4351090670025661
        ],
        [
            5.610509351804965e-06,
            5.410219723402305e-06,
            -0.6685869153449714,
            7.971234878031221e-06,
            8.90600959655869e-06,
            0.1182268438529932,
            -9.28326509682677e-06,
            2.3500450921820503e-06,
            0.12828886591245722,
            -1.8443884054101984e-06,
            3.6830884648938386e-07,
            0.40548536028905446,
            1.716269844776927e-05,
            -9.895868290856501e-06,
            -0.43451898702534564,
            1.1095600278988219e-05,
            -6.934580453399049e-07,
            0.41149822429234023
        ],
        [
            -0.04607546367684068,
            0.07946540157234262,
            -1.7463395569741946e-05,
            -0.2601603519265702,
            -0.4250531047118818,
            1.5834265269571545e-06,
            0.509210700900132,
            0.012257772862381658,
            -1.9374783638630563e-06,
            0.21160507411231783,
            -0.013814822593977153,
            1.138355143918058e-05,
            -0.31269863414631305,
            0.5418563581659288,
            -6.980084571996156e-06,
            -0.09597817507969583,
            -0.19543501251678952,
            7.719652713702321e-06
        ],
        [
            -0.028402828931880755,
            -0.009214985443122084,
            -6.8048188827002745e-06,
            0.27630160739009607,
            0.5000740885023319,
            9.019921979811607e-06,
            0.5585790755961642,
            -0.011391530385444153,
            3.5111396658135543e-06,
            -0.423898010825972,
            0.010874862030977634,
            -1.5628859555873035e-06,
            0.016959224400511414,
            0.0042807217736010195,
            5.738316190475503e-06,
            -0.20343531730784797,
            -0.3728963472787519,
            -7.800569835709814e-06
        ],
        [
            -0.34731872380040524,
            0.6024805764756419,
            9.554648516401808e-06,
            0.031495195921854895,
            0.02644409072891081,
            6.378909249353683e-09,
            -0.05299566017158791,
            -0.014361373920978126,
            -5.352996619938496e-07,
            0.4457439591978795,
            0.012667464806747243,
            -3.1028271241203912e-06,
            0.1667988361393147,
            -0.28893856488992453,
            -2.5044355201047494e-06,
            -0.23566849037635546,
            -0.3820807602868182,
            4.412219678481571e-06
        ],
        [
            9.172407964119364e-07,
            9.804150088551201e-06,
            -0.5850903006381277,
            1.405083208744409e-06,
            -6.927472768297348e-06,
            0.3120820859513547,
            -1.0904368514013524e-05,
            5.969734944556287e-06,
            0.29676247085855023,
            6.7887564551350995e-06,
            -2.8432354855902327e-07,
            -0.2484307768520243,
            -1.16797999910558e-05,
            -6.175213202389675e-06,
            0.5767627814786727,
            -5.088844472934805e-06,
            6.143943740334374e-06,
            -0.27898564487302335
        ],
        [
            -5.010108844094286e-07,
            1.1092422550123166e-07,
            -0.008200998808511916,
            -2.0458104410987073e-06,
            4.840545172149242e-06,
            -0.42975207214953143,
            5.249197861960156e-06,
            9.287690409024533e-06,
            0.44281500288569176,
            -2.9769381586589768e-06,
            -1.7571252921811518e-07,
            -0.5647661878214572,
            -1.195616171244552e-06,
            5.150801092711096e-06,
            0.01799457266343142,
            9.777355907096544e-06,
            -4.247536639887536e-06,
            0.5476094607264963
        ],
        [
            -0.29314581774857745,
            0.5070822676304461,
            1.7683371758038524e-07,
            0.1624967256054563,
            0.2581149414552357,
            -1.3049558931625162e-06,
            -0.28881927231082166,
            -0.011458229393441152,
            -5.932155124023595e-06,
            -0.2545548461888262,
            -0.004893546704716327,
            -7.000897394417518e-07,
            -0.28894466603639607,
            0.5000653353456468,
            -7.535154259433706e-06,
            0.14725315731515912,
            0.24555399176285508,
            -3.2258691380808793e-06
        ],
        [
            -0.0034464861857848935,
            -0.012162293508800692,
            -2.4276077182138117e-07,
            0.2027758796499087,
            0.3652556840672448,
            -4.7249166620601395e-07,
            0.430944332560415,
            -0.006592954707113474,
            -1.0086825221026323e-06,
            0.5746654860393285,
            -0.0007982815588456757,
            -1.074752208401949e-06,
            0.003004770705428834,
            -0.019291728252204335,
            3.357863860218303e-07,
            0.2767018434435876,
            0.48204540834156745,
            -5.058726632672654e-06
        ],
        [
            -5.161645709192149e-06,
            6.973449774853699e-07,
            0.41209123202130443,
            4.276780268880333e-06,
            -6.759009761820401e-07,
            0.39396994800999086,
            9.519259213397927e-07,
            7.721581916580612e-06,
            0.3938146386047334,
            -1.8830288115902263e-06,
            -1.1515861260611047e-06,
            0.4287264124392304,
            -9.608924486583983e-06,
            7.619666470344619e-07,
            0.3930327904040581,
            1.0252655521107347e-05,
            9.684076445602326e-07,
            0.42614248275750827
        ],
        [
            0.20250445663301145,
            -0.3510236938734206,
            -5.203943400986244e-08,
            0.1965583440641928,
            0.3420847255411652,
            1.6211989776031262e-06,
            -0.39467914981346247,
            0.0011724069982529737,
            5.334738717231987e-07,
            0.4260631723492312,
            0.0022693162420423163,
            9.004947073039831e-07,
            -0.202267553232034,
            0.34919651716443295,
            -8.715176119066612e-07,
            -0.2132527478829969,
            -0.36671798655830634,
            3.0815627287219903e-06
        ]
    ],
    "ElectronsVector": {
        "AtNuclei": [],
        "NotAtNuclei": [
            0,
            1,
            2,
            3,
            4,
            5
        ],
        "PositionsVector": [
            -0.8547011716650362,
            1.4852721374679378,
            6.707228349755773e-06,
            -0.8224167723142938,
            -1.502199778537652,
            -4.5733931477808135e-06,
            1.71218346338327,
            -0.042668056334756274,
            1.549619374420004e-06,
            -1.7219641379241415,
            -0.07043983585840569,
            -9.974868533937871e-07,
            0.8641717039978533,
            -1.489089114610353,
            6.074227550748037e-06,
            0.9185281963496452,
            1.4580868521081713,
            -4.917405435564217e-06
        ],
        "SpinTypesVector": [
            1,
            1,
            1,
            -1,
            -1,
            -1
        ]
    },
    "Gradient": {
        "PositionsVector": [
            7.591149930874508e-15,
            -7.799316747991725e-15,
            -1.3706305987642824e-15,
            -1.3739009929736312e-15,
            3.913536161803677e-15,
            9.539505280544217e-16,
            -8.354428260304303e-15,
            2.482389294122811e-15,
            -2.5774047914645885e-17,
            1.1629586182948515e-14,
            -6.473988012345444e-15,
            -1.4029967864700532e-15,
            -3.885780586188048e-15,
            2.1371793224034263e-15,
            -1.0275185158970098e-15,
            8.007483565108942e-15,
            -9.686695889854491e-15,
            -1.470211180175287e-15
        ],
        "SpinTypesVector": [
            1,
            1,
            1,
            -1,
            -1,
            -1
        ]
    },
    "Value": 6.741625634120833
}
